[array([  0,   0,   0,   0,   0,   0,   0,   0,   0,   0, 480, 230, 550,
         0,   0, 460, 780, 620,   0,   0, 310, 550,   0,   0,   0,   0],
      dtype=uint16), array([  0,   0,   0,   0,   0,   0,   0,   0,   0,   0, 480, 230, 550,
         0,   0, 460, 780, 620,   0,   0, 310, 550,   0,   0,   0,   0],
      dtype=uint16), array([  0,   0,   0,   0,   0,   0,   0,   0,   0,   0, 480, 230, 550,
         0,   0, 460, 780, 620,   0,   0, 310, 550,   0,   0,   0,   0],
      dtype=uint16), array([  0,   0,   0,   0,   0,   0,   0,   0,   0,   0, 480, 230, 550,
         0,   0, 460, 780, 620,   0,   0, 310, 550,   0,   0,   0,   0],
      dtype=uint16), array([  0,   0,   0,   0,   0,   0,   0,   0,   0,   0, 480, 230, 550,
         0,   0, 460, 780, 620,   0,   0, 310, 550,   0,   0,   0,   0],
      dtype=uint16), array([  0,   0,   0,   0,   0,   0,   0,   0,   0,   0, 480, 230, 550,
         0,   0, 460, 780, 620,   0,   0, 310, 550,   0,   0,   0,   0],
      dtype=uint16), array([  0,   0,   0,   0,   0,   0,   0,   0,   0,   0, 480, 230, 550,
         0,   0, 460, 780, 620,   0,   0, 310, 550,   0,   0,   0,   0],
      dtype=uint16), array([  0,   0,   0,   0,   0,   0,   0,   0,   0,   0, 480, 230, 550,
         0,   0, 460, 780, 620,   0,   0, 310, 550,   0,   0,   0,   0],
      dtype=uint16), array([  0,   0,   0,   0,   0,   0,   0,   0,   0,   0, 480, 230, 550,
         0,   0, 460, 780, 620,   0,   0, 310, 550,   0,   0,   0,   0],
      dtype=uint16), array([  0,   0,   0,   0,   0,   0,   0,   0,   0,   0, 480, 230, 550,
         0,   0, 460, 780, 620,   0,   0, 310, 550,   0,   0,   0,   0],
      dtype=uint16), array([  0,   0,   0,   0,   0,   0,   0,   0,   0,   0, 480, 230, 550,
         0,   0, 460, 780, 620,   0,   0, 310, 550,   0,   0,   0,   0],
      dtype=uint16), array([  0,   0,   0,   0,   0,   0,   0,   0,   0,   0, 480, 230, 550,
         0,   0, 460, 780, 620,   0,   0, 310, 550,   0,   0,   0,   0],
      dtype=uint16), array([  0,   0,   0,   0,   0,   0,   0,   0,   0,   0, 480, 230, 550,
         0,   0, 460, 780, 620,   0,   0, 310, 550,   0,   0,   0,   0],
      dtype=uint16), array([  0,   0,   0,   0,   0,   0,   0,   0,   0,   0, 480, 230, 550,
         0,   0, 460, 780, 620,   0,   0, 310, 550,   0,   0,   0,   0],
      dtype=uint16), array([  0,   0,   0,   0,   0,   0,   0,   0,   0,   0, 480, 230, 550,
         0,   0, 460, 780, 620,   0,   0, 310, 550,   0,   0,   0,   0],
      dtype=uint16), array([  0,   0,   0,   0,   0,   0,   0,   0,   0,   0, 480, 230, 550,
         0,   0, 460, 780, 620,   0,   0, 310, 550,   0,   0,   0,   0],
      dtype=uint16), array([  0,   0,   0,   0,   0,   0,   0,   0,   0,   0, 480, 230, 550,
         0,   0, 460, 780, 620,   0,   0, 310, 550,   0,   0,   0,   0],
      dtype=uint16), array([  0,   0,   0,   0,   0,   0,   0,   0,   0,   0, 480, 230, 550,
         0,   0, 460, 780, 620,   0,   0, 310, 550,   0,   0,   0,   0],
      dtype=uint16), array([  0,   0,   0,   0,   0,   0,   0,   0,   0,   0, 480, 387, 932,
         0,   0, 460, 967, 980,   0,   0, 310, 550, 142,   0,   0,   0],
      dtype=uint16), array([   0,    0,    0,    0,    0,    0,    0,    0,    0,    0,  480,
        440, 1060,    0,    0,  460, 1030, 1100,    0,    0,  310,  550,
        190,    0,    0,    0], dtype=uint16), array([   0,    0,    0,    0,    0,    0,    0,    0,    0,    0,  480,
        440, 1060,    0,    0,  460, 1030, 1100,    0,    0,  310,  550,
        190,    0,    0,    0], dtype=uint16), array([   0,    0,    0,    0,    0,    0,    0,    0,    0,    0,  480,
        440, 1060,    0,    0,  460, 1030, 1100,    0,    0,  310,  550,
        190,    0,    0,    0], dtype=uint16), array([   0,    0,    0,    0,    0,    0,    0,    0,    0,    0,  480,
        440, 1060,    0,    0,  460, 1030, 1100,    0,    0,  310,  550,
        190,    0,    0,    0], dtype=uint16), array([   0,    0,    0,    0,    0,    0,    0,    0,    0,    0,  480,
        440, 1060,    0,    0,  460, 1030, 1100,    0,    0,  310,  550,
        190,    0,    0,    0], dtype=uint16), array([   0,    0,    0,    0,    0,    0,    0,    0,    0,    0,  480,
        440, 1060,    0,    0,  460, 1030, 1100,    0,    0,  310,  550,
        190,    0,    0,    0], dtype=uint16), array([   0,    0,    0,    0,    0,    0,    0,    0,    0,    0,  480,
        440, 1060,    0,    0,  460, 1030, 1100,    0,    0,  310,  550,
        190,    0,    0,    0], dtype=uint16), array([   0,    0,    0,    0,    0,    0,    0,    0,    0,    0,  480,
        440, 1060,    0,    0,  460, 1030, 1100,    0,    0,  310,  550,
        190,    0,    0,    0], dtype=uint16), array([   0,    0,    0,    0,    0,    0,    0,    0,    0,    0,  480,
        440, 1060,    0,    0,  460, 1030, 1100,    0,    0,  310,  550,
        190,    0,    0,    0], dtype=uint16), array([   0,    0,    0,    0,    0,    0,    0,    0,    0,    0,  480,
        440, 1060,    0,    0,  460, 1030, 1100,    0,    0,  310,  550,
        190,    0,    0,    0], dtype=uint16), array([   0,    0,    0,    0,    0,    0,    0,    0,    0,    0,  480,
        440, 1060,    0,    0,  460, 1030, 1100,    0,    0,  310,  550,
        190,    0,    0,    0], dtype=uint16), array([   0,    0,    0,    0,    0,    0,    0,    0,    0,    0,  480,
        440, 1060,    0,    0,  460, 1030, 1100,    0,    0,  310,  550,
        190,    0,    0,    0], dtype=uint16), array([   0,    0,    0,    0,    0,    0,    0,    0,    0,    0,  480,
        440, 1060,    0,    0,  460, 1030, 1100,    0,    0,  310,  550,
        190,    0,    0,    0], dtype=uint16), array([   0,    0,    0,    0,    0,    0,    0,    0,    0,    0,  480,
        440, 1060,    0,    0,  460, 1030, 1100,    0,    0,  310,  550,
        190,    0,    0,    0], dtype=uint16), array([   0,    0,    0,    0,    0,    0,    0,    0,    0,    0,  480,
        440, 1060,    0,    0,  460, 1030, 1100,    0,    0,  310,  550,
        190,    0,    0,    0], dtype=uint16), array([   0,    0,    0,    0,    0,    0,    0,    0,    0,    0,  480,
        440, 1060,    0,    0,  460, 1030, 1100,    0,    0,  310,  550,
        190,    0,    0,    0], dtype=uint16), array([   0,    0,    0,    0,    0,    0,    0,    0,    0,    0,  480,
        440, 1060,    0,    0,  460, 1030, 1100,    0,    0,  310,  550,
        190,    0,    0,    0], dtype=uint16), array([   0,    0,    0,    0,    0,    0,    0,    0,    0,    0,  480,
        440, 1060,    0,    0,  460, 1030, 1100,    0,    0,  310,  550,
        190,    0,    0,    0], dtype=uint16), array([  0,   0,   0,   0,   0,   0,   0,   0,   0,   0, 480, 230, 550,
         0,   0, 460, 780, 620,   0,   0, 310, 550,   0,   0,   0,   0],
      dtype=uint16), array([  0,   0,   0,   0,   0,   0,   0,   0,   0,   0, 480, 230, 550,
         0,   0, 460, 780, 620,   0,   0, 310, 550, 600,   0,   0,   0],
      dtype=uint16), array([  0,   0,   0,   0,   0,   0,   0,   0,   0,   0, 480, 230, 550,
         0,   0, 460, 780, 620,   0,   0, 310, 550, 600,   0,   0,   0],
      dtype=uint16), array([  0,   0,   0,   0,   0,   0,   0,   0,   0,   0, 480, 230, 550,
         0,   0, 460, 780, 620,   0,   0, 310, 550, 600,   0,   0,   0],
      dtype=uint16), array([  0,   0,   0,   0,   0,   0,   0,   0,   0,   0, 480, 230, 550,
         0,   0, 460, 780, 620,   0,   0, 310, 550, 600,   0,   0,   0],
      dtype=uint16), array([  0,   0,   0,   0,   0,   0,   0,   0,   0,   0, 480, 230, 550,
         0,   0, 460, 780, 620,   0,   0, 310, 550, 600,   0,   0,   0],
      dtype=uint16), array([  0,   0,   0,   0,   0,   0,   0,   0,   0,   0, 480, 230, 550,
         0,   0, 460, 780, 620,   0,   0, 310, 550, 600,   0,   0,   0],
      dtype=uint16), array([  0,   0,   0,   0,   0,   0,   0,   0,   0,   0, 480, 230, 550,
         0,   0, 460, 780, 620,   0,   0, 310, 550, 600,   0,   0,   0],
      dtype=uint16), array([  0,   0,   0,   0,   0,   0,   0,   0,   0,   0, 480, 230, 550,
         0,   0, 460, 780, 620,   0,   0, 310, 550, 600,   0,   0,   0],
      dtype=uint16), array([  0,   0,   0,   0,   0,   0,   0,   0,   0,   0, 480, 230, 550,
         0,   0, 460, 780, 620,   0,   0, 310, 550, 600,   0,   0,   0],
      dtype=uint16), array([  0,   0,   0,   0,   0,   0,   0,   0,   0,   0, 480, 230, 550,
         0,   0, 460, 780, 620,   0,   0, 310, 550, 600,   0,   0,   0],
      dtype=uint16), array([  0,   0,   0,   0,   0,   0,   0,   0,   0,   0, 480, 230, 550,
         0,   0, 460, 780, 620,   0,   0, 310, 550, 600,   0,   0,   0],
      dtype=uint16), array([  0,   0,   0,   0,   0,   0,   0,   0,   0,   0, 480, 230, 550,
         0,   0, 460, 780, 620,   0,   0, 310, 550, 600,   0,   0,   0],
      dtype=uint16), array([  0,   0,   0,   0,   0,   0,   0,   0,   0,   0, 480, 230, 550,
         0,   0, 460, 780, 620,   0,   0, 310, 550, 600,   0,   0,   0],
      dtype=uint16), array([  0,   0,   0,   0,   0,   0,   0,   0,   0,   0, 480, 230, 550,
         0,   0, 460, 780, 620,   0,   0, 310, 550, 600,   0,   0,   0],
      dtype=uint16), array([  0,   0,   0,   0,   0,   0,   0,   0,   0,   0, 480, 230, 550,
         0,   0, 460, 780, 620,   0,   0, 310, 550, 600,   0,   0,   0],
      dtype=uint16), array([  0,   0,   0,   0,   0,   0,   0,   0,   0,   0, 480, 230, 550,
         0,   0, 460, 780, 620,   0,   0, 310, 550, 600,   0,   0,   0],
      dtype=uint16), array([  0,   0,   0,   0,   0,   0,   0,   0,   0,   0, 480, 230, 550,
         0,   0, 460, 780, 620,   0,   0, 310, 550, 600,   0,   0,   0],
      dtype=uint16), array([  0,   0,   0,   0,   0,   0,   0,   0,   0,   0, 480, 230, 550,
         0,   0, 460, 780, 620,   0,   0, 310, 550, 600,   0,   0,   0],
      dtype=uint16), array([   0,    0,    0,    0,    0,    0,    0,    0,    0,    0,  480,
        440, 1060,    0,    0,  460, 1030, 1100,    0,    0,  310,  550,
        190,    0,    0,    0], dtype=uint16), array([   0,    0,    0,    0,    0,    0,    0,    0,    0,    0,  480,
        440, 1060,    0,    0,  460, 1030, 1100,    0,    0,  310,  550,
        190,    0,    0,    0], dtype=uint16), array([   0,    0,    0,    0,    0,    0,    0,    0,    0,    0,  480,
        440, 1060,    0,    0,  460, 1030, 1100,    0,    0,  310,  550,
        190,    0,    0,    0], dtype=uint16), array([   0,    0,    0,    0,    0,    0,    0,    0,    0,    0,  480,
        440, 1060,    0,    0,  460, 1030, 1100,    0,    0,  310,  550,
        190,    0,    0,    0], dtype=uint16), array([   0,    0,    0,    0,    0,    0,    0,    0,    0,    0,  480,
        440, 1060,    0,    0,  460, 1030, 1100,    0,    0,  310,  550,
        190,    0,    0,    0], dtype=uint16), array([   0,    0,    0,    0,    0,    0,    0,    0,    0,    0,  480,
        440, 1060,    0,    0,  460, 1030, 1100,    0,    0,  310,  550,
        190,    0,    0,    0], dtype=uint16), array([   0,    0,    0,    0,    0,    0,    0,    0,    0,    0,  480,
        440, 1060,    0,    0,  460, 1030, 1100,    0,    0,  310,  550,
        190,    0,    0,    0], dtype=uint16), array([   0,    0,    0,    0,    0,    0,    0,    0,    0,    0,  480,
        440, 1060,    0,    0,  460, 1030, 1100,    0,    0,  310,  550,
        190,    0,    0,    0], dtype=uint16), array([   0,    0,    0,    0,    0,    0,    0,    0,    0,    0,  480,
        440, 1060,    0,    0,  460, 1030, 1100,    0,    0,  310,  550,
        190,    0,    0,    0], dtype=uint16), array([   0,    0,    0,    0,    0,    0,    0,    0,    0,    0,  480,
        440, 1060,    0,    0,  460, 1030, 1100,    0,    0,  310,  550,
        190,    0,    0,    0], dtype=uint16), array([   0,    0,    0,    0,    0,    0,    0,    0,    0,    0,  480,
        440, 1060,    0,    0,  460, 1030, 1100,    0,    0,  310,  550,
        190,    0,    0,    0], dtype=uint16), array([   0,    0,    0,    0,    0,    0,    0,    0,    0,    0,  480,
        440, 1060,    0,    0,  460, 1030, 1100,    0,    0,  310,  550,
        190,    0,    0,    0], dtype=uint16), array([   0,    0,    0,    0,    0,    0,    0,    0,    0,    0,  480,
        440, 1060,    0,    0,  460, 1030, 1100,    0,    0,  310,  550,
        190,    0,    0,    0], dtype=uint16), array([   0,    0,    0,    0,    0,    0,    0,    0,    0,    0,  480,
        440, 1060,    0,    0,  460, 1030, 1100,    0,    0,  310,  550,
        190,    0,    0,    0], dtype=uint16), array([   0,    0,    0,    0,    0,    0,    0,    0,    0,    0,  480,
        440, 1060,    0,    0,  460, 1030, 1100,    0,    0,  310,  550,
        190,    0,    0,    0], dtype=uint16), array([   0,    0,    0,    0,    0,    0,    0,    0,    0,    0,  480,
        440, 1060,    0,    0,  460, 1030, 1100,    0,    0,  310,  550,
        190,    0,    0,    0], dtype=uint16), array([   0,    0,    0,    0,    0,    0,    0,    0,    0,    0,  480,
        440, 1060,    0,    0,  460, 1030, 1100,    0,    0,  310,  550,
        190,    0,    0,    0], dtype=uint16), array([   0,    0,    0,    0,    0,    0,    0,    0,    0,    0,  480,
        440, 1060,    0,    0,  460, 1030, 1100,    0,    0,  310,  550,
        190,    0,    0,    0], dtype=uint16), array([  0,   0,   0,   0,   0,   0,   0,   0,   0,   0, 480, 230, 550,
         0,   0, 460, 780, 620,   0,   0, 310, 550, 600,   0,   0,   0],
      dtype=uint16), array([  0,   0,   0,   0,   0,   0,   0,   0,   0,   0, 480, 230, 550,
         0,   0, 460, 780, 620,   0,   0, 310, 550, 600,   0,   0,   0],
      dtype=uint16), array([  0,   0,   0,   0,   0,   0,   0,   0,   0,   0, 480, 230, 550,
         0,   0, 460, 780, 620,   0,   0, 310, 550, 600,   0,   0,   0],
      dtype=uint16), array([  0,   0,   0,   0,   0,   0,   0,   0,   0,   0, 480, 230, 550,
         0,   0, 460, 780, 620,   0,   0, 310, 550, 600,   0,   0,   0],
      dtype=uint16), array([  0,   0,   0,   0,   0,   0,   0,   0,   0,   0, 480, 230, 550,
         0,   0, 460, 780, 620,   0,   0, 310, 550, 600,   0,   0,   0],
      dtype=uint16), array([  0,   0,   0,   0,   0,   0,   0,   0,   0,   0, 480, 230, 550,
         0,   0, 460, 780, 620,   0,   0, 310, 550, 600,   0,   0,   0],
      dtype=uint16), array([  0,   0,   0,   0,   0,   0,   0,   0,   0,   0, 480, 230, 550,
         0,   0, 460, 780, 620,   0,   0, 310, 550, 600,   0,   0,   0],
      dtype=uint16), array([  0,   0,   0,   0,   0,   0,   0,   0,   0,   0, 480, 230, 550,
         0,   0, 460, 780, 620,   0,   0, 310, 550, 600,   0,   0,   0],
      dtype=uint16), array([  0,   0,   0,   0,   0,   0,   0,   0,   0,   0, 480, 230, 550,
         0,   0, 460, 780, 620,   0,   0, 310, 550, 600,   0,   0,   0],
      dtype=uint16), array([  0,   0,   0,   0,   0,   0,   0,   0,   0,   0, 480, 230, 550,
         0,   0, 460, 780, 620,   0,   0, 310, 550, 600,   0,   0,   0],
      dtype=uint16), array([  0,   0,   0,   0,   0,   0,   0,   0,   0,   0, 480, 230, 550,
         0,   0, 460, 780, 620,   0,   0, 310, 550, 600,   0,   0,   0],
      dtype=uint16), array([  0,   0,   0,   0,   0,   0,   0,   0,   0,   0, 480, 230, 550,
         0,   0, 460, 780, 620,   0,   0, 310, 550, 600,   0,   0,   0],
      dtype=uint16), array([  0,   0,   0,   0,   0,   0,   0,   0,   0,   0, 480, 230, 550,
         0,   0, 460, 780, 620,   0,   0, 310, 550, 600,   0,   0,   0],
      dtype=uint16), array([  0,   0,   0,   0,   0,   0,   0,   0,   0,   0, 480, 230, 550,
         0,   0, 460, 780, 620,   0,   0, 310, 550, 600,   0,   0,   0],
      dtype=uint16), array([  0,   0,   0,   0,   0,   0,   0,   0,   0,   0, 480, 230, 550,
         0,   0, 460, 780, 620,   0,   0, 310, 550, 600,   0,   0,   0],
      dtype=uint16), array([  0,   0,   0,   0,   0,   0,   0,   0,   0,   0, 480, 230, 550,
         0,   0, 460, 780, 620,   0,   0, 310, 550, 600,   0,   0,   0],
      dtype=uint16), array([  0,   0,   0,   0,   0,   0,   0,   0,   0,   0, 480, 230, 550,
         0,   0, 460, 780, 620,   0,   0, 310, 550, 600,   0,   0,   0],
      dtype=uint16), array([  0,   0,   0,   0,   0,   0,   0,   0,   0,   0, 480, 230, 550,
         0,   0, 460, 780, 620,   0,   0, 310, 550, 600,   0,   0,   0],
      dtype=uint16), array([  0,   0,   0,   0,   0,   0,   0,   0,   0,   0, 480, 230, 550,
         0,   0, 460, 780, 620,   0,   0, 310, 550, 600,   0,   0,   0],
      dtype=uint16), array([   0,    0,    0,    0,    0,    0,    0,    0,    0,    0,  480,
        421, 1014,    0,    0,  460, 1007, 1056,    0,    0,  310,  550,
        226,    0,    0,    0], dtype=uint16), array([   0,    0,    0,    0,    0,    0,    0,    0,    0,    0,  480,
        440, 1060,    0,    0,  460, 1030, 1100,    0,    0,  310,  550,
        190,    0,    0,    0], dtype=uint16), array([   0,    0,    0,    0,    0,    0,    0,    0,    0,    0,  480,
        440, 1060,    0,    0,  460, 1030, 1100,    0,    0,  310,  550,
        190,    0,    0,    0], dtype=uint16), array([   0,    0,    0,    0,    0,    0,    0,    0,    0,    0,  480,
        440, 1060,    0,    0,  460, 1030, 1100,    0,    0,  310,  550,
        190,    0,    0,    0], dtype=uint16), array([   0,    0,    0,    0,    0,    0,    0,    0,    0,    0,  480,
        440, 1060,    0,    0,  460, 1030, 1100,    0,    0,  310,  550,
        190,    0,    0,    0], dtype=uint16), array([   0,    0,    0,    0,    0,    0,    0,    0,    0,    0,  480,
        440, 1060,    0,    0,  460, 1030, 1100,    0,    0,  310,  550,
        190,    0,    0,    0], dtype=uint16), array([   0,    0,    0,    0,    0,    0,    0,    0,    0,    0,  480,
        440, 1060,    0,    0,  460, 1030, 1100,    0,    0,  310,  550,
        190,    0,    0,    0], dtype=uint16), array([   0,    0,    0,    0,    0,    0,    0,    0,    0,    0,  480,
        440, 1060,    0,    0,  460, 1030, 1100,    0,    0,  310,  550,
        190,    0,    0,    0], dtype=uint16), array([   0,    0,    0,    0,    0,    0,    0,    0,    0,    0,  480,
        440, 1060,    0,    0,  460, 1030, 1100,    0,    0,  310,  550,
        190,    0,    0,    0], dtype=uint16), array([   0,    0,    0,    0,    0,    0,    0,    0,    0,    0,  480,
        440, 1060,    0,    0,  460, 1030, 1100,    0,    0,  310,  550,
        190,    0,    0,    0], dtype=uint16), array([   0,    0,    0,    0,    0,    0,    0,    0,    0,    0,  480,
        440, 1060,    0,    0,  460, 1030, 1100,    0,    0,  310,  550,
        190,    0,    0,    0], dtype=uint16), array([   0,    0,    0,    0,    0,    0,    0,    0,    0,    0,  480,
        440, 1060,    0,    0,  460, 1030, 1100,    0,    0,  310,  550,
        190,    0,    0,    0], dtype=uint16), array([   0,    0,    0,    0,    0,    0,    0,    0,    0,    0,  480,
        440, 1060,    0,    0,  460, 1030, 1100,    0,    0,  310,  550,
        190,    0,    0,    0], dtype=uint16), array([   0,    0,    0,    0,    0,    0,    0,    0,    0,    0,  480,
        440, 1060,    0,    0,  460, 1030, 1100,    0,    0,  310,  550,
        190,    0,    0,    0], dtype=uint16), array([   0,    0,    0,    0,    0,    0,    0,    0,    0,    0,  480,
        440, 1060,    0,    0,  460, 1030, 1100,    0,    0,  310,  550,
        190,    0,    0,    0], dtype=uint16), array([   0,    0,    0,    0,    0,    0,    0,    0,    0,    0,  480,
        440, 1060,    0,    0,  460, 1030, 1100,    0,    0,  310,  550,
        190,    0,    0,    0], dtype=uint16), array([   0,    0,    0,    0,    0,    0,    0,    0,    0,    0,  480,
        440, 1060,    0,    0,  460, 1030, 1100,    0,    0,  310,  550,
        190,    0,    0,    0], dtype=uint16), array([   0,    0,    0,    0,    0,    0,    0,    0,    0,    0,  480,
        440, 1060,    0,    0,  460, 1030, 1100,    0,    0,  310,  550,
        190,    0,    0,    0], dtype=uint16), array([  0,   0,   0,   0,   0,   0,   0,   0,   0,   0, 480, 320, 769,
         0,   0, 460, 887, 826,   0,   0, 310, 550, 423,   0,   0,   0],
      dtype=uint16), array([  0,   0,   0,   0,   0,   0,   0,   0,   0,   0, 480, 230, 550,
         0,   0, 460, 780, 620,   0,   0, 310, 550, 600,   0,   0,   0],
      dtype=uint16), array([  0,   0,   0,   0,   0,   0,   0,   0,   0,   0, 480, 230, 550,
         0,   0, 460, 780, 620,   0,   0, 310, 550, 600,   0,   0,   0],
      dtype=uint16), array([  0,   0,   0,   0,   0,   0,   0,   0,   0,   0, 480, 230, 550,
         0,   0, 460, 780, 620,   0,   0, 310, 550, 600,   0,   0,   0],
      dtype=uint16), array([  0,   0,   0,   0,   0,   0,   0,   0,   0,   0, 480, 230, 550,
         0,   0, 460, 780, 620,   0,   0, 310, 550, 600,   0,   0,   0],
      dtype=uint16), array([  0,   0,   0,   0,   0,   0,   0,   0,   0,   0, 480, 230, 550,
         0,   0, 460, 780, 620,   0,   0, 310, 550, 600,   0,   0,   0],
      dtype=uint16), array([  0,   0,   0,   0,   0,   0,   0,   0,   0,   0, 480, 230, 550,
         0,   0, 460, 780, 620,   0,   0, 310, 550, 600,   0,   0,   0],
      dtype=uint16), array([  0,   0,   0,   0,   0,   0,   0,   0,   0,   0, 480, 230, 550,
         0,   0, 460, 780, 620,   0,   0, 310, 550, 600,   0,   0,   0],
      dtype=uint16), array([  0,   0,   0,   0,   0,   0,   0,   0,   0,   0, 480, 230, 550,
         0,   0, 460, 780, 620,   0,   0, 310, 550, 600,   0,   0,   0],
      dtype=uint16), array([  0,   0,   0,   0,   0,   0,   0,   0,   0,   0, 480, 230, 550,
         0,   0, 460, 780, 620,   0,   0, 310, 550, 600,   0,   0,   0],
      dtype=uint16), array([  0,   0,   0,   0,   0,   0,   0,   0,   0,   0, 480, 230, 550,
         0,   0, 460, 780, 620,   0,   0, 310, 550, 600,   0,   0,   0],
      dtype=uint16), array([  0,   0,   0,   0,   0,   0,   0,   0,   0,   0, 480, 230, 550,
         0,   0, 460, 780, 620,   0,   0, 310, 550, 600,   0,   0,   0],
      dtype=uint16), array([  0,   0,   0,   0,   0,   0,   0,   0,   0,   0, 480, 230, 550,
         0,   0, 460, 780, 620,   0,   0, 310, 550, 600,   0,   0,   0],
      dtype=uint16), array([  0,   0,   0,   0,   0,   0,   0,   0,   0,   0, 480, 230, 550,
         0,   0, 460, 780, 620,   0,   0, 310, 550, 600,   0,   0,   0],
      dtype=uint16), array([  0,   0,   0,   0,   0,   0,   0,   0,   0,   0, 480, 230, 550,
         0,   0, 460, 780, 620,   0,   0, 310, 550, 600,   0,   0,   0],
      dtype=uint16), array([  0,   0,   0,   0,   0,   0,   0,   0,   0,   0, 480, 230, 550,
         0,   0, 460, 780, 620,   0,   0, 310, 550, 600,   0,   0,   0],
      dtype=uint16), array([  0,   0,   0,   0,   0,   0,   0,   0,   0,   0, 480, 230, 550,
         0,   0, 460, 780, 620,   0,   0, 310, 550, 600,   0,   0,   0],
      dtype=uint16), array([  0,   0,   0,   0,   0,   0,   0,   0,   0,   0, 480, 230, 550,
         0,   0, 460, 780, 620,   0,   0, 310, 550, 600,   0,   0,   0],
      dtype=uint16), array([  0,   0,   0,   0,   0,   0,   0,   0,   0,   0, 480, 230, 550,
         0,   0, 460, 780, 620,   0,   0, 310, 550, 600,   0,   0,   0],
      dtype=uint16), array([  0,   0,   0,   0,   0,   0,   0,   0,   0,   0, 480, 230, 550,
         0,   0, 460, 780, 620,   0,   0, 310, 550, 600,   0,   0,   0],
      dtype=uint16), array([  0,   0,   0,   0,   0,   0,   0,   0,   0,   0, 480, 230, 550,
         0,   0, 460, 780, 620,   0,   0, 310, 550, 600,   0,   0,   0],
      dtype=uint16), array([  0,   0,   0,   0,   0,   0,   0,   0,   0,   0, 480, 395, 952,
         0,   0, 460, 977, 999,   0,   0, 310, 550, 276,   0,   0,   0],
      dtype=uint16), array([   0,    0,    0,    0,    0,    0,    0,    0,    0,    0,  480,
        440, 1060,    0,    0,  460, 1030, 1100,    0,    0,  310,  550,
        190,    0,    0,    0], dtype=uint16), array([   0,    0,    0,    0,    0,    0,    0,    0,    0,    0,  480,
        440, 1060,    0,    0,  460, 1030, 1100,    0,    0,  310,  550,
        190,    0,    0,    0], dtype=uint16), array([   0,    0,    0,    0,    0,    0,    0,    0,    0,    0,  480,
        440, 1060,    0,    0,  460, 1030, 1100,    0,    0,  310,  550,
        190,    0,    0,    0], dtype=uint16), array([   0,    0,    0,    0,    0,    0,    0,    0,    0,    0,  480,
        440, 1060,    0,    0,  460, 1030, 1100,    0,    0,  310,  550,
        190,    0,    0,    0], dtype=uint16), array([   0,    0,    0,    0,    0,    0,    0,    0,    0,    0,  480,
        440, 1060,    0,    0,  460, 1030, 1100,    0,    0,  310,  550,
        190,    0,    0,    0], dtype=uint16), array([   0,    0,    0,    0,    0,    0,    0,    0,    0,    0,  480,
        440, 1060,    0,    0,  460, 1030, 1100,    0,    0,  310,  550,
        190,    0,    0,    0], dtype=uint16), array([   0,    0,    0,    0,    0,    0,    0,    0,    0,    0,  480,
        440, 1060,    0,    0,  460, 1030, 1100,    0,    0,  310,  550,
        190,    0,    0,    0], dtype=uint16), array([   0,    0,    0,    0,    0,    0,    0,    0,    0,    0,  480,
        440, 1060,    0,    0,  460, 1030, 1100,    0,    0,  310,  550,
        190,    0,    0,    0], dtype=uint16), array([   0,    0,    0,    0,    0,    0,    0,    0,    0,    0,  480,
        440, 1060,    0,    0,  460, 1030, 1100,    0,    0,  310,  550,
        190,    0,    0,    0], dtype=uint16), array([   0,    0,    0,    0,    0,    0,    0,    0,    0,    0,  480,
        440, 1060,    0,    0,  460, 1030, 1100,    0,    0,  310,  550,
        190,    0,    0,    0], dtype=uint16), array([   0,    0,    0,    0,    0,    0,    0,    0,    0,    0,  480,
        440, 1060,    0,    0,  460, 1030, 1100,    0,    0,  310,  550,
        190,    0,    0,    0], dtype=uint16), array([   0,    0,    0,    0,    0,    0,    0,    0,    0,    0,  480,
        440, 1060,    0,    0,  460, 1030, 1100,    0,    0,  310,  550,
        190,    0,    0,    0], dtype=uint16), array([   0,    0,    0,    0,    0,    0,    0,    0,    0,    0,  480,
        440, 1060,    0,    0,  460, 1030, 1100,    0,    0,  310,  550,
        190,    0,    0,    0], dtype=uint16), array([   0,    0,    0,    0,    0,    0,    0,    0,    0,    0,  480,
        440, 1060,    0,    0,  460, 1030, 1100,    0,    0,  310,  550,
        190,    0,    0,    0], dtype=uint16), array([   0,    0,    0,    0,    0,    0,    0,    0,    0,    0,  480,
        440, 1060,    0,    0,  460, 1030, 1100,    0,    0,  310,  550,
        190,    0,    0,    0], dtype=uint16), array([   0,    0,    0,    0,    0,    0,    0,    0,    0,    0,  480,
        440, 1060,    0,    0,  460, 1030, 1100,    0,    0,  310,  550,
        190,    0,    0,    0], dtype=uint16), array([   0,    0,    0,    0,    0,    0,    0,    0,    0,    0,  480,
        440, 1060,    0,    0,  460, 1030, 1100,    0,    0,  310,  550,
        190,    0,    0,    0], dtype=uint16), array([  0,   0,   0,   0,   0,   0,   0,   0,   0,   0, 480, 295, 708,
         0,   0, 460, 857, 768,   0,   0, 310, 550, 472,   0,   0,   0],
      dtype=uint16), array([  0,   0,   0,   0,   0,   0,   0,   0,   0,   0, 480, 230, 550,
         0,   0, 460, 780, 620,   0,   0, 310, 550, 600,   0,   0,   0],
      dtype=uint16), array([  0,   0,   0,   0,   0,   0,   0,   0,   0,   0, 480, 230, 550,
         0,   0, 460, 780, 620,   0,   0, 310, 550, 600,   0,   0,   0],
      dtype=uint16), array([  0,   0,   0,   0,   0,   0,   0,   0,   0,   0, 480, 230, 550,
         0,   0, 460, 780, 620,   0,   0, 310, 550, 600,   0,   0,   0],
      dtype=uint16), array([  0,   0,   0,   0,   0,   0,   0,   0,   0,   0, 480, 230, 550,
         0,   0, 460, 780, 620,   0,   0, 310, 550, 600,   0,   0,   0],
      dtype=uint16), array([  0,   0,   0,   0,   0,   0,   0,   0,   0,   0, 480, 230, 550,
         0,   0, 460, 780, 620,   0,   0, 310, 550, 600,   0,   0,   0],
      dtype=uint16), array([  0,   0,   0,   0,   0,   0,   0,   0,   0,   0, 480, 230, 550,
         0,   0, 460, 780, 620,   0,   0, 310, 550, 600,   0,   0,   0],
      dtype=uint16), array([  0,   0,   0,   0,   0,   0,   0,   0,   0,   0, 480, 230, 550,
         0,   0, 460, 780, 620,   0,   0, 310, 550, 600,   0,   0,   0],
      dtype=uint16), array([  0,   0,   0,   0,   0,   0,   0,   0,   0,   0, 480, 230, 550,
         0,   0, 460, 780, 620,   0,   0, 310, 550, 600,   0,   0,   0],
      dtype=uint16), array([  0,   0,   0,   0,   0,   0,   0,   0,   0,   0, 480, 230, 550,
         0,   0, 460, 780, 620,   0,   0, 310, 550, 600,   0,   0,   0],
      dtype=uint16), array([  0,   0,   0,   0,   0,   0,   0,   0,   0,   0, 480, 230, 550,
         0,   0, 460, 780, 620,   0,   0, 310, 550, 600,   0,   0,   0],
      dtype=uint16), array([  0,   0,   0,   0,   0,   0,   0,   0,   0,   0, 480, 230, 550,
         0,   0, 460, 780, 620,   0,   0, 310, 550, 600,   0,   0,   0],
      dtype=uint16), array([  0,   0,   0,   0,   0,   0,   0,   0,   0,   0, 480, 230, 550,
         0,   0, 460, 780, 620,   0,   0, 310, 550, 600,   0,   0,   0],
      dtype=uint16), array([  0,   0,   0,   0,   0,   0,   0,   0,   0,   0, 480, 230, 550,
         0,   0, 460, 780, 620,   0,   0, 310, 550, 600,   0,   0,   0],
      dtype=uint16), array([  0,   0,   0,   0,   0,   0,   0,   0,   0,   0, 480, 230, 550,
         0,   0, 460, 780, 620,   0,   0, 310, 550, 600,   0,   0,   0],
      dtype=uint16), array([  0,   0,   0,   0,   0,   0,   0,   0,   0,   0, 480, 230, 550,
         0,   0, 460, 780, 620,   0,   0, 310, 550, 600,   0,   0,   0],
      dtype=uint16), array([  0,   0,   0,   0,   0,   0,   0,   0,   0,   0, 480, 230, 550,
         0,   0, 460, 780, 620,   0,   0, 310, 550, 600,   0,   0,   0],
      dtype=uint16), array([  0,   0,   0,   0,   0,   0,   0,   0,   0,   0, 480, 230, 550,
         0,   0, 460, 780, 620,   0,   0, 310, 550, 600,   0,   0,   0],
      dtype=uint16), array([  0,   0,   0,   0,   0,   0,   0,   0,   0,   0, 480, 230, 550,
         0,   0, 460, 780, 620,   0,   0, 310, 550, 600,   0,   0,   0],
      dtype=uint16), array([  0,   0,   0,   0,   0,   0,   0,   0,   0,   0, 480, 230, 550,
         0,   0, 460, 780, 620,   0,   0, 310, 550, 600,   0,   0,   0],
      dtype=uint16), array([  0,   0,   0,   0,   0,   0,   0,   0,   0,   0, 480, 236, 565,
         0,   0, 460, 787, 634,   0,   0, 310, 550, 587,   0,   0,   0],
      dtype=uint16), array([   0,    0,    0,    0,    0,    0,    0,    0,    0,    0,  480,
        440, 1060,    0,    0,  460, 1030, 1100,    0,    0,  310,  550,
        190,    0,    0,    0], dtype=uint16), array([   0,    0,    0,    0,    0,    0,    0,    0,    0,    0,  480,
        440, 1060,    0,    0,  460, 1030, 1100,    0,    0,  310,  550,
        190,    0,    0,    0], dtype=uint16), array([   0,    0,    0,    0,    0,    0,    0,    0,    0,    0,  480,
        440, 1060,    0,    0,  460, 1030, 1100,    0,    0,  310,  550,
        190,    0,    0,    0], dtype=uint16), array([   0,    0,    0,    0,    0,    0,    0,    0,    0,    0,  480,
        440, 1060,    0,    0,  460, 1030, 1100,    0,    0,  310,  550,
        190,    0,    0,    0], dtype=uint16), array([   0,    0,    0,    0,    0,    0,    0,    0,    0,    0,  480,
        440, 1060,    0,    0,  460, 1030, 1100,    0,    0,  310,  550,
        190,    0,    0,    0], dtype=uint16), array([   0,    0,    0,    0,    0,    0,    0,    0,    0,    0,  480,
        440, 1060,    0,    0,  460, 1030, 1100,    0,    0,  310,  550,
        190,    0,    0,    0], dtype=uint16), array([   0,    0,    0,    0,    0,    0,    0,    0,    0,    0,  480,
        440, 1060,    0,    0,  460, 1030, 1100,    0,    0,  310,  550,
        190,    0,    0,    0], dtype=uint16), array([   0,    0,    0,    0,    0,    0,    0,    0,    0,    0,  480,
        440, 1060,    0,    0,  460, 1030, 1100,    0,    0,  310,  550,
        190,    0,    0,    0], dtype=uint16), array([   0,    0,    0,    0,    0,    0,    0,    0,    0,    0,  480,
        440, 1060,    0,    0,  460, 1030, 1100,    0,    0,  310,  550,
        190,    0,    0,    0], dtype=uint16), array([   0,    0,    0,    0,    0,    0,    0,    0,    0,    0,  480,
        440, 1060,    0,    0,  460, 1030, 1100,    0,    0,  310,  550,
        190,    0,    0,    0], dtype=uint16), array([   0,    0,    0,    0,    0,    0,    0,    0,    0,    0,  480,
        440, 1060,    0,    0,  460, 1030, 1100,    0,    0,  310,  550,
        190,    0,    0,    0], dtype=uint16), array([   0,    0,    0,    0,    0,    0,    0,    0,    0,    0,  480,
        440, 1060,    0,    0,  460, 1030, 1100,    0,    0,  310,  550,
        190,    0,    0,    0], dtype=uint16), array([   0,    0,    0,    0,    0,    0,    0,    0,    0,    0,  480,
        440, 1060,    0,    0,  460, 1030, 1100,    0,    0,  310,  550,
        190,    0,    0,    0], dtype=uint16), array([   0,    0,    0,    0,    0,    0,    0,    0,    0,    0,  480,
        440, 1060,    0,    0,  460, 1030, 1100,    0,    0,  310,  550,
        190,    0,    0,    0], dtype=uint16), array([   0,    0,    0,    0,    0,    0,    0,    0,    0,    0,  480,
        440, 1060,    0,    0,  460, 1030, 1100,    0,    0,  310,  550,
        190,    0,    0,    0], dtype=uint16), array([   0,    0,    0,    0,    0,    0,    0,    0,    0,    0,  480,
        440, 1060,    0,    0,  460, 1030, 1100,    0,    0,  310,  550,
        190,    0,    0,    0], dtype=uint16), array([   0,    0,    0,    0,    0,    0,    0,    0,    0,    0,  480,
        440, 1060,    0,    0,  460, 1030, 1100,    0,    0,  310,  550,
        190,    0,    0,    0], dtype=uint16), array([  0,   0,   0,   0,   0,   0,   0,   0,   0,   0, 480, 276, 662,
         0,   0, 460, 834, 725,   0,   0, 310, 550, 509,   0,   0,   0],
      dtype=uint16), array([  0,   0,   0,   0,   0,   0,   0,   0,   0,   0, 480, 230, 550,
         0,   0, 460, 780, 620,   0,   0, 310, 550, 600,   0,   0,   0],
      dtype=uint16), array([  0,   0,   0,   0,   0,   0,   0,   0,   0,   0, 480, 230, 550,
         0,   0, 460, 780, 620,   0,   0, 310, 550, 600,   0,   0,   0],
      dtype=uint16)]